671852.007233582
757263.795493498
1265445.55872934
1386483.32564141
1544126.64718572
1869943.642139
1996887.79034596
2238471.69699161
2286593.42221752
2381436.61596027
2573633.18825629
2734525.0703864
2817658.81422219
2860614.33220633
2966814.75812855
2970385.93181652
3255119.75261706
3262889.6115189
3545026.10670825
3570508.54871972
3608770.8326329
3805079.23796233
4075063.99888043
4138835.02450656
4169356.02589443
4281833.62207044
4419813.22846454
4441567.0924738
4523633.2504413
4722721.35802019
4935192.63657987
4948582.25316679
5099823.26675598
5102049.03067001
5130048.78099738
5228588.45211289
5258522.55197545
5319798.88658326
5391132.32498524
5607992.18928469
5801515.11984165
5898963.23033558
5983540.74591582
6000404.25929792
6122624.04061391
6141442.47009278
6185022.51223029
6259045.36711508
6367191.57351951
6491627.84838788
6518880.91322911
6564344.68700532
6608434.2214294
6690922.53966848
6848885.89516665
6922019.7949482
7017955.08930604
7026660.39445696
7033404.57718767
7068523.55234282
7073477.01046676
7085478.69251519
7142433.35609854
7164922.44998483
7336603.26031472
7419584.42850147
7426511.07053316
7562391.27484874
7566349.30774474
7789761.41947477
7812275.05389077
7819263.41200272
8002597.01397169
8028688.20456331
8067380.71018368
8095842.38993683
8147804.20843288
8182362.87622978
8200854.69284123
8240351.95746184
8266087.87350253
8335706.59345081
8448578.05097855
8449000.64188034
8467408.4621346
8492495.92012982
8520199.42451723
8581376.89983681
8679272.23096989
8771762.34043049
8801090.48426251
8834458.44710195
9002024.44410655
9098572.08824966
9163817.32185805
9165418.73455323
9205178.6550729
9300576.08663545
9344960.14452706
9362860.08086296
9406959.71507323
9488297.15957682
9504410.44291087
9566349.18014004
9647821.26131378
9682220.37807935
9763285.91313389
9864599.79583969
9866602.35831375
9943652.18487212
9954596.52302375
9972538.65806433
9996380.76207566
10060527.6368816
10146879.182079
10150457.8288226
10182987.2188462
10223165.9906929
10262999.6817611
10371617.6497761
10410492.8611508
10439068.597843
10531954.4775317
10653855.4071724
10672425.1762087
10768972.8585528
10826217.0553071
10899644.224281
10944013.6816173
10955971.6040896
10973731.9059562
11066815.5183848
11189464.1418665
11203281.1331153
11272313.6755004
11342968.4336056
11348276.7822032
11361071.6321331
11368032.0627088
11379089.5063782
11383488.5769173
11509327.7457724
11517673.2222501
11569883.3213087
11632825.6289059
11738608.4245589
11815681.485131
11823215.8950932
11828744.5840196
11881912.9203375
11920221.6617303
12040476.674212
12076370.8566679
12098283.431774
12220680.7473625
12230419.2270183
12243006.7691558
12294345.4175737
12300464.4660225
12314897.0089521
12321695.6183213
12324951.0925455
12373962.1965332
12428848.1479256
12475908.2760764
12491356.648058
12544909.8006001
12657466.7361025
12675298.5076234
12762893.2354721
12841116.3863655
12880317.4043543
12930575.058993
12930621.3002713
13070808.0367427
13071673.5321223
13101663.9422923
13146732.3274713
13163232.614708
13203916.0175086
13218323.6270279
13316841.4974915
13317191.4482451
13348185.149394
13395181.3564242
13416472.607877
13444468.6534313
13462048.7339421
13463176.7654687
13476208.5152586
13497181.8373039
13509674.5231445
13512614.6725222
13566189.1141826
13578089.9817295
13590596.4155065
13596826.2150066
13617344.4350653
13637067.847358
13749704.6655696
13759087.0744615
13769431.9887402
13781555.1522291
13818449.3617177
13859774.3347153
13896379.2046065
13940265.1809721
13949661.7289096
13966168.2435666
14068167.3672287
14069529.9479292
14109483.0913253
14170671.5287536
14193964.5621465
14216355.5572967
14226577.2450689
14231455.2436952
14241552.4056966
14263866.8791264
14440214.80896
14454683.1898929
14495889.3194293
14596817.6889507
14604708.6170954
14674385.4433389
14678919.0844172
14733510.8740564
14753881.0693817
14828343.8824693
14850134.1793289
14857041.5111709
14987458.5483751
15008942.7264351
15035912.4739679
15071721.3730493
15107425.8879165
15110652.3349506
15131695.7092028
15148722.8652585
15161782.6539207
15199169.3896081
15244608.0103514
15277127.6624078
15367832.7931291
15368427.5752816
15395998.4951299
15399127.7192252
15448302.3314834
15484202.8612335
15495373.7478717
15528858.4060501
15529345.2948121
15555201.1596933
15560740.3390825
15636227.326557
15748283.7183796
15786380.5080777
15793036.4180051
15835784.6637303
15849286.2245337
15869176.9654782
15878605.3675526
15932253.7458777
15944358.693414
15970271.5167963
15974322.0562182
16102340.3233219
16104578.6910574
16155289.4025412
16169974.3856306
16255500.4450775
16257773.1130935
16288182.4109869
16307563.5563496
16312799.0111643
16340038.694437
16360071.1462298
16390768.7111128
16423656.1084699
16524544.3850337
16604461.8506537
16621891.541266
16690133.1765938
16699831.2452749
16709054.7078189
16749446.6510688
16770072.3812098
16799645.9066096
16826873.0246071
16859142.718327
16885014.4922984
16910283.8277316
16967869.5754017
17026076.8280149
17051271.1868589
17113902.2215058
17191032.7000715
17211287.2857583
17218124.5368185
17232155.8506003
17246305.3495405
17261237.9663157
17288622.5898917
17290429.7204603
17300166.6972393
17335209.7458614
17368237.0435758
17378998.797513
17479414.3747854
17656518.5942008
17716381.2802211
17725087.7241643
17732334.0886811
17765866.752158
17835583.6116959
17884106.9377942
17911433.9785005
17942054.8847201
17944821.7712389
17973635.4470356
17973746.5836911
18013639.6218349
18130726.4837847
18197112.1112249
18209324.242688
18216034.0144058
18307540.0040583
18325728.2884249
18402762.0176717
18418292.6020314
18501218.5823474
18531632.9889688
18585391.5087273
18590811.4459457
18607763.5800567
18626745.7552763
18652831.0947096
18673962.2572643
18761447.2931343
18764687.5351128
18848247.8208705
18849791.3924503
18919077.1549047
18944074.6176651
18981276.5856287
19044242.9318641
19094025.163795
19108753.9386739
19153464.7141904
19197602.9950859
19213370.1960398
19264955.1088979
19294418.1353164
19303385.7917749
19324207.4299441
19387310.1705474
19391041.0008793
19557188.4364911
19562910.7320462
19565571.247378
19599597.9171911
19645418.3296943
19658131.477061
19679302.3418929
19710638.391139
19731728.5435216
19798208.8326018
19817105.03799
19860799.6846321
19860821.7353447
19874715.1893519
19898661.2599925
19980912.4771432
20004410.4852101
20015327.4788612
20056107.0985876
20147914.5825848
20151484.6698137
20193709.0523928
20216240.3477818
20239238.3331677
20262311.9137305
20289391.7411953
20361234.8836806
20376568.9352458
20425733.5928291
20430825.4545674
20500147.9698417
20654361.9179456
20658371.6877874
20688914.5457501
20713061.4078995
20736848.6318146
20812911.5053181
20819897.8207389
20822698.0205476
20843106.3752543
20851286.6609284
20858889.5916471
20874199.5338686
20888009.4210379
20969580.6669352
21049443.1103513
21112092.4379935
21113069.9809925
21152732.8183858
21175411.5984099
21201997.8659172
21239999.697895
21263802.2840413
21282244.0190309
21318915.8424865
21333651.6213825
21384537.9075831
21450107.8001269
21480260.5676962
21564668.6084046
21586992.7709154
21673958.0864343
21699546.622572
21713451.4449274
21749613.7473266
21759664.4464137
21773784.6918215
21808107.7562681
21820050.9999977
21871031.379136
21991987.5228441
22016561.1511276
22026169.6530984
22046053.1030535
22081406.0501733
22084695.8429746
22101887.7408982
22140441.0160932
22165357.698887
22236763.2989989
22320220.7675762
22373615.7312288
22383491.7046179
22413498.5477665
22469767.706181
22496075.4537083
22507713.9914308
22602948.9847186
22623296.9104276
22768141.7311744
22779474.8840418
22785477.3697417
22806276.5842599
22827928.9155336
22886985.153862
22957886.4967698
22958959.3534769
22985695.0704497
23010424.2479853
23017035.6303376
23021064.7784948
23040845.5553288
23078245.6517814
23096961.404816
23099666.2909819
23124011.1715489
23240808.7013265
23309105.1977977
23346059.4283431
23348452.5238752
23446057.5783789
23448933.6044058
23470091.9777577
23510303.3317872
23521685.1527429
23526546.6953961
23613899.2085856
23707085.4401607
23744819.437899
23770278.0559813
23801854.776345
23830551.3754654
23853144.2272373
23879133.1386732
23930530.9362647
24016288.4717586
24028902.2710255
24046265.9115279
24119527.7797713
24120897.3811881
24179283.6636039
24201020.0040521
24261351.5679582
24277723.2353751
24306227.6451947
24348882.7184382
24367353.8310569
24398046.5064613
24411557.4420207
24444715.3878562
24490110.6195337
24569915.8310009
24605632.6267916
24609721.7987068
24620368.115106
24677606.5432748
24748662.8978702
24765579.3096681
24799901.0377822
24836812.434121
24843147.5149935
24852153.273518
24883386.2737942
24889757.16868
24926939.5686295
24948282.2392877
24980264.13752
25047846.8826302
25111511.648786
25220334.4862776
25242234.4974054
25266222.7607424
25386158.8491804
25396900.9533528
25400427.0803378
25499723.7184436
25550945.376418
25640886.4811693
25648982.8698856
25674453.2048843
25680594.2575832
25690360.6417802
25839270.7889391
25845833.4348739
25878431.4591377
25905245.2072275
25918443.7654961
26005854.5548923
26011360.6746745
26056729.5311437
26068389.6249605
26071620.8679397
26119390.7163625
26127514.6447164
26223782.6812229
26224415.2082549
26250248.9892787
26251189.9754017
26334472.8010791
26386690.9803552
26432037.7068199
26453454.9346007
26471267.7163728
26487893.7609298
26536787.5540337
26551125.1190149
26746543.7184724
26752791.6385909
26804676.4803148
26853057.2199104
26864243.3216462
26924447.1865265
26986681.264462
26993972.8070497
27031004.4585916
27052519.0983707
27066020.871079
27130254.5051529
27192547.3860219
27211274.5070056
27240379.5146037
27263536.5927549
27279018.336821
27345740.2957676
27359075.0289146
27372738.5337186
27391599.4195334
27454183.2766164
27459859.2266521
27543818.3770878
27666924.8122587
27686809.1199415
27710264.9877376
27747159.3384894
27753653.0851766
27800012.7584329
27820091.1587258
27820990.3801068
27901442.162523
28064514.0380409
28100030.4207279
28101079.0918198
28124935.8241299
28133794.1935432
28145170.9210645
28166178.8342773
28186989.5304646
28216152.1530844
28240794.3044717
28313679.7336253
28365116.79151
28381475.9809914
28431923.8085552
28523736.4899234
28577290.652875
28679232.8550681
28711439.0782326
28757476.1544655
28763285.1167594
28782054.9980057
28810598.5960211
29128635.2744865
29130737.4113241
29170975.1630408
29228918.2169796
29287262.9975124
29306923.2779424
29307688.811973
29317864.1221766
29424744.1247839
29435157.8091854
29448370.3909751
29469213.4931043
29503172.612482
29510833.8359806
29598939.6659878
29749962.5910055
29754399.6933964
29755014.6851113
29849839.3993377
29879771.3138964
30024206.963156
30028413.168822
30040091.7696841
30062708.8532656
30213543.5621475
30252887.8199145
30315326.1480322
30338074.7060772
30338639.4264838
30404029.9901173
30437505.7135843
30458150.3109782
30486442.2143298
30486961.0098988
30575363.9441386
30659838.3590052
30692221.8164477
30836341.5768916
30945142.8506141
30984873.702488
30999364.2967467
30999661.3580441
31001610.5575053
31058884.9908892
31125602.7723887
31255800.6696611
31265740.9029418
31270124.5978141
31276701.9193812
31339137.4977135
31434225.9726476
31538931.6324284
31572418.5419679
31611305.6977776
31634774.913647
31688146.4116218
31835031.5525909
31858474.939798
31883539.336277
31932133.9100276
31976124.9509439
32057830.1570058
32070570.3036931
32082030.3966027
32148299.5415186
32192167.9665923
32212643.1821464
32262722.7534569
32323067.732523
32445150.2775241
32466941.5178761
32519317.7876576
32571052.250894
32647112.8123275
32682418.209491
32796182.0616087
32830411.8041665
32837615.5185007
32871665.7500839
32895789.9965334
32912597.8527347
33046793.9397317
33058860.6718854
33082087.7341732
33088482.4758595
33116744.0768954
33183774.2569889
33207406.335626
33353439.955538
33363020.2440024
33393016.2180169
33400060.7453501
33403990.2571211
33421646.0236983
33608355.0705809
33627887.9884248
33674729.0020236
33705416.412691
33734572.4665905
33816759.2758431
33884086.8266634
33891789.9355266
33892366.7971659
33903097.5796062
33954744.351398
34147151.4641388
34156822.8153995
34161599.4463972
34228669.3837341
34250779.9842513
34358199.0746714
34412474.0392646
34418564.5188011
34421453.2349818
34436507.0006024
34507206.7854092
34531893.1847893
34550702.7042193
34629073.3513393
34654175.3750653
34827547.9138552
34925246.1813339
34926246.6398161
34969965.7319004
34976869.7651799
35122308.9447818
35140626.9966355
35169265.4772718
35233263.4344275
35255965.947056
35311716.8280268
35359096.4561672
35360366.3543074
35374912.1864082
35392619.1027824
35454500.9285474
35469663.8230081
35549739.582081
35670952.2668816
35687407.0619649
35719611.133636
35788319.3971063
35812328.8350878
35893618.5925034
35898369.9979725
35993371.9351042
36025164.9612169
36026117.6004141
36027215.0527594
36053968.1539781
36061439.9013634
36082266.1835483
36141154.3169309
36156134.2700706
36193327.3632802
36211396.3527738
36232814.6302423
36321846.2793582
36379726.656524
36410281.9780881
36458147.6925763
36483060.9467509
36540825.5269649
36632146.0842703
36793631.9270924
36862204.600543
36933793.2241455
36934435.4999172
36945313.1959886
37059252.0774663
37097620.6173025
37107558.3310621
37118466.4533809
37132309.5563428
37143813.2544945
37248823.6566894
37335288.074366
37401603.4132358
37430304.9879769
37519045.5575246
37547735.6660049
37580510.5969458
37581923.7714259
37661206.1721405
37672164.9610468
37779629.7934624
37784828.5004874
37830848.0310897
37839767.3390517
37948471.9949494
38024066.6149748
38182400.3373009
38207317.1825015
38249870.5897306
38272419.8794683
38287619.2090001
38500642.0610615
38508020.5677628
38563439.5069389
38608040.042285
38688789.2127149
38777002.344514
38829812.3298135
38888007.7253409
38949215.3178985
38994108.9582156
39000448.802571
39100481.9364821
39120545.5425035
39120828.3072898
39123162.451632
39223415.7153558
39262880.5652246
39306688.8158408
39379467.8136344
39404287.4187644
39459284.0935093
39566200.8444358
39567750.2282459
39660336.6200146
39772926.3034785
39818341.8847704
39838670.369259
39928234.4566826
39984585.1895746
39989748.6624968
39997828.3947835
40166925.3877761
40201666.185772
40263590.1702497
40275661.5420458
40314244.3451495
40314244.404067
40342773.9822142
40401979.4230466
40461426.5163294
40499456.1765346
40539911.7038813
40564453.3290237
40648788.5035937
40650838.9378346
40700175.6613774
40799593.2690601
40881617.9557091
40909561.1484749
40919645.5272546
40956362.2317162
40961646.5441434
40991940.7922262
41011366.5011805
41093360.3539083
41097732.5951927
41220954.5085317
41235604.0474144
41282152.9126499
41308790.6223577
41388201.4486444
41540624.1536585
41576171.5891651
41600162.280309
41620073.3206261
41872328.9384141
41876769.9073975
41907802.507928
41942376.6591355
42074105.7556151
42083045.2474424
42188176.4190076
42295816.0186777
42360816.0292007
42471066.7760985
42581437.1113824
42802907.1564783
42935048.2039915
42977508.5021364
43031653.2025012
43046349.8016624
43209197.622995
43311835.6336993
43368645.9953515
43379416.1616418
43484182.989903
43509621.7953893
43531144.4913663
43784277.7636724
44015625.8514419
44095558.1137161
44122086.8988495
44203093.3938244
44263442.0288196
44283963.0191429
44307574.3054858
44309049.9357612
44426464.9084334
44488672.9050294
44569084.6984541
44666635.987005
44666982.4185644
44712697.7364718
44917785.8219945
44963197.3628572
45211049.9058013
45312998.8502759
45327225.5794705
45334994.9267466
45347011.1259963
45382121.6416747
45449317.7729595
45540909.8000847
45556332.8286012
45589380.9928257
45699283.3388892
45710425.3890558
45751137.3893577
45751281.6540631
45772281.1750525
45817929.2572982
45870371.0509754
45918093.5238395
45935223.7896024
45964844.9558438
46074791.29386
46123020.3198298
46162768.0886536
46165796.9291924
46320012.3948854
46333590.9470151
46359719.1922595
46401158.777919
46484552.4916139
46544207.5873891
46544237.4270518
46567496.3775622
46665365.782083
46731668.9656522
46741152.4533408
46926180.5149154
46975927.7334642
47093024.1859276
47140014.4141532
47146175.2269782
47186461.7716253
47189241.8748125
47231710.1160265
47337791.912785
47416726.8526396
47512552.0514611
47524800.7702796
47583004.1638761
47606577.385582
47671919.0264598
47742229.3672709
47749609.3075538
47815593.8601141
47835343.0558732
47856535.8453229
47952684.3468012
48035494.5001636
48084829.4152755
48290827.8630308
48337508.3237097
48343184.0987457
48475608.7288623
48483323.8527827
48576519.854583
48615746.2320901
48803293.5464382
48804190.9336439
48882803.2248693
49204922.1013484
49213721.2745029
49266809.4714191
49375993.8412302
49446419.3945247
49453430.8740302
49540815.7505464
49566868.4556609
49622365.5886407
49644303.5914805
49684448.3251112
49712453.2213628
50016939.9496736
50050731.4293013
50179143.6448526
50408752.5736432
50419103.7207189
50444385.1844488
50503527.4089589
50554533.1713126
50710928.1745646
50875503.0222189
50920773.4475409
50996992.4867094
51115656.3350738
51277987.1265694
51288603.1940027
51299914.5987246
51415548.4695403
51502507.5017624
51520998.8434254
51651309.1001656
51714303.4741718
51714905.6197042
51771621.7758946
51999594.7757754
52059594.7060201
52132913.4937288
52168531.1867251
52219463.5558287
52427237.8139098
52514365.6376725
52529438.7844083
52641430.3601622
52748917.7706892
52774321.7263743
52836362.2336816
52843729.1580165
52900559.4205811
52940416.2921283
52989189.5715838
53041732.4127286
53060241.4445103
53106196.1105518
53107834.6723016
53171280.9055629
53215746.1989429
53228240.8347092
53257403.3349364
53276473.709476
53296141.8866081
53330059.1195936
53335105.2393486
53385347.862871
53405221.2587757
53476274.0624373
53521815.7797504
53594113.120332
53602081.8514732
53665436.8458237
53679230.4826585
53680630.8430763
53758237.2388594
53820733.3515981
53896433.5143536
53972772.5529058
53975222.3414272
54028172.643994
54040396.0285121
54198330.5467385
54304862.5993851
54318125.7034294
54400374.9576955
54428695.8731376
54429981.1052361
54436332.5362717
54526088.8998123
54562802.4092664
54563390.7737207
54618552.3143265
54660331.2277402
54723163.7718326
54895176.2350565
54952636.412915
54968034.8669683
55005045.8576652
55011259.0621051
55036512.3849049
55068147.5386609
55277101.9114284
55299970.3663617
55322109.3577205
55595109.2744818
55685066.0964178
55745830.8050708
55756748.0687813
55774840.4651466
55820653.1602272
55826536.3351764
55992741.7213819
56317200.4423075
56319589.811945
56431635.6107518
56509531.6895979
56558828.701931
56609538.2588769
56618144.6490573
56694934.9622864
56764726.8678598
56823027.0131784
56824605.0346035
56958145.5644213
57111503.8150451
57144776.4158461
57228632.4016904
57303246.6400924
57387264.9906721
57506902.0255331
57749480.0410672
57968486.117412
57973518.3555784
58023389.9069574
58407976.1602528
58459020.5124922
58623567.3307672
58632362.5227153
58744907.6586984
58827553.3068337
59046730.8172924
59168146.0804451
59375176.6391183
59659269.0850466
59666688.733985
59741360.5113778
59782350.7455058
59909188.7013272
60104197.4106965
60121977.0033595
60219580.755128
60486742.6925243
60551489.0175794
60613788.6219142
60692082.880695
60698148.6282137
60751755.2488671
60935173.7101113
61141510.3057402
61452570.7492183
61486899.7182495
61492249.7466241
61559778.3486123
61570193.3700274
61856117.5584568
62035470.9269235
62069443.281286
62117008.9910538
62171645.1761263
62212756.6304661
62321973.973511
62332678.0095215
62335864.3631615
62410706.492359
62437190.8519216
62494584.5369985
62508628.615404
62544495.5134136
62586361.7285611
62671292.6594174
62719316.9326091
62725717.9803244
62804806.9693508
62833102.2447645
63035422.6302442
63062630.2677897
63125034.3663546
63171711.170876
63194056.4706234
63247640.0437773
63405360.091507
63708092.4349416
63975853.9955279
63997614.0315126
64135794.579073
64168435.426752
64176709.0723139
64183209.6523071
64193813.4653792
64236597.06034
64275260.1506341
64883841.1695714
64903355.9596168
64942570.0539174
65015727.6907545
65067460.2020797
65164163.0252263
65269704.5957737
65271027.9265867
65608628.0241319
65792230.8932743
65834576.0918421
65913725.8154611
65921278.42134
66345307.2163947
66889657.2482232
67273718.105719
67312216.8190837
67508019.8325896
67588051.7271695
67661665.4973191
68045147.3979786
68441524.665494
68533049.2482431
68699076.4041902
68849261.7525732
69374552.4742724
69711620.2255979
69798772.2526237
70099554.3603706
70126612.9893085
70151719.5902392
70166371.8044921
70257901.8289756
70285869.0959754
70308488.4073711
70313389.2479896
70467243.5293515
70479658.5211611
70580538.0769492
70675184.4887465
70684696.0108439
70719904.423675
70743407.0825941
70855060.8853722
70951691.4300806
71023383.5098794
71076877.5286781
71099217.7329233
71256052.2181526
71548909.4784474
71698185.479042
71749029.2954478
72033682.5261249
72091387.2331097
72186059.7679452
72214401.8862137
72321717.2238837
72329798.1720011
72364209.4966467
72473715.836643
72507746.5984683
72509008.2548266
72622792.0099139
72705249.8510061
72933811.6217315
72982899.8860286
72984058.4250208
73025012.2586521
73060486.3505364
73176458.780428
73190597.944724
73251754.6981508
73269820.0467428
73314208.0852012
73330549.8426238
73387261.0705568
73422433.6734609
73508491.8666466
73594772.1612988
73720224.7656971
73785988.9029613
73833809.7175519
73951972.4355718
74048879.3481248
74085880.9045647
74228473.2011194
74258403.1702363
74280285.1610728
74299518.0822392
74301096.0318792
74477775.8716114
74881533.3821207
74904879.1030468
75013361.360709
75095449.1580722
75284619.6344776
75294905.9280834
75302955.2956126
75316484.7510411
75543679.4597128
75569217.9192124
75572177.3679066
75705150.3534724
75919311.9565998
75942759.2140804
76211461.5178251
76219450.4771764
76338901.3149943
76516536.2531293
76917550.1704618
77001523.0799235
77109419.8417405
77423676.0593519
77426837.1401671
77595172.3821305
77846029.1284621
77937523.5040375
78426461.3259147
78491661.9741029
78568776.4742627
78586032.2779
78900915.9927828
78976376.0224018
79066050.2645504
79242159.5092051
79254302.4256901
79344251.0985635
79659782.578381
80005336.7112236
80048172.0782165
80113949.7961579
80282878.0770595
80504134.3720599
80708002.5392493
80856790.9254919
80857222.1444061
80968558.1011358
80984351.0658014
81087475.9025308
81089705.8673652
81734476.0291483
81777225.9075217
82661939.2376908
83330217.6664135
83666958.7219775
83697471.6524546
83744790.3835453
84187439.6182419
84227516.523826
84531880.8932014
84603910.6845255
84951955.0811781
85260872.0948016
85263477.3584541
85270609.0403339
85320881.2529057
85794561.1077064
85878800.7164893
85911642.5934337
86121184.2961576
86220043.5751665
86511313.2176102
86580276.7861361
86760850.3774713
87442761.4675591
87694828.8295807
87804623.5345919
87921705.6582835
88070460.0458388
88130575.0026575
88240924.2732564
88297927.1722256
88338463.1802291
88482794.2175464
88515760.0914174
88604693.1757144
88651349.8652159
88660097.3230919
89280906.7497629
89383478.8020193
89837636.158153
89982016.6556232
90145194.9070529
90179711.0956345
90199363.9628579
90356727.1572082
91224770.7417072
91332006.5500009
91387216.5956366
91423361.5317353
91838566.0972397
91908263.7246438
92018910.3413872
92047101.6274267
92280453.8540908
92334684.3908704
92365393.8814269
92412287.5458103
92600745.3852099
92726745.9431897
93145851.433628
93885705.2973
94353500.5566004
94778565.0534443
94830566.6449685
94876987.2734039
94987505.8722003
95149861.1870854
95934795.1997192
96252569.8983227
96405479.9094469
97102078.2481169
97229448.9003846
97392596.227886
98201839.5998697
98264534.1643105
98412873.6428019
98454225.5211435
98478580.6655143
98503275.0942702
98652415.2916919
98669757.0556176
98722369.5792589
98803989.5375872
99097108.2961875
99152961.1735387
99328940.0409763
99403440.56807
99583378.2497371
99588202.5794186
99812832.4883281
99838049.6237179
99989051.4152229
100024730.268297
100295363.932031
100838862.514838
101477523.914609
101531876.89501
102201593.412226
102241908.018206
103536121.466068
104841192.132368
105118100.194155
105387881.493235
105569228.521801
105617413.634208
105687087.329148
106153048.2808
106263326.863654
106315729.39129
106553372.769489
106615157.821128
106707693.463139
106733123.557571
107755697.154972
108056116.100587
108324389.031355
108449062.344099
109803804.375637
109891240.462521
110124329.162005
110136371.182489
110150295.803084
110594630.904383
110609203.786727
110765988.457106
110925214.932457
111046079.136398
111084458.787475
111241155.868921
111672920.081498
111906907.535514
112791064.794703
112910468.374299
113613030.534688
113727167.316633
114369287.076503
114725156.899097
115295767.103249
115588961.184259
115656616.062618
115737479.199721
115901781.289882
116172466.789875
116626206.68161
116652881.037698
116853032.997672
117229488.336143
117337934.833155
117457291.894134
117548639.77522
117882172.293626
118154114.167762
118713343.35724
118960339.768703
119150997.699714
119494914.873233
120159242.343269
120993200.319062
121086847.842187
121900682.260002
122310562.077439
122398224.115447
122439382.741002
122549008.031333
122562811.870572
122573522.061034
122690510.270052
122701613.455653
122739986.549342
122772304.271911
122826513.977891
123018345.607479
123449922.327215
123579129.339837
125075077.510214
125363371.919102
125432987.847513
125445287.781368
125631527.658073
125934591.931166
126131001.257047
126533506.502039
137643482.351613
137810476.78271
138753816.68669
138785022.125165
138882249.28808
139008491.158611
139223157.329986
139352522.59914
139578949.074057
139723346.236983
139767734.740125
140490598.425435
143405454.88885
143494325.7343
143640339.940563
143647514.098643
143727968.381068
144054272.69022
144103128.570029
144137063.36402
144287811.649427
144289627.665885
144959584.500552
145515619.463457
145583521.647927
146214990.836062
149064324.430537
149150622.476293
149175235.46423
149237926.459399
149260887.615617
149490044.22942
149515358.940153
149526353.669374
150116290.524483
152869299.306653
152992996.156341
153039267.102473
153221738.697098
153284557.582477
153400846.796568
153499898.130015
153517716.484056
153746039.435449
154028623.755742
154370117.475338
154515077.692365
155600257.050609
155682867.393859
156232581.096198
157491311.442061
157543280.184999
163779408.134275
165027295.386181
165316739.040655
165324459.889703
165396318.333694
165429657.759083
165454368.008239
165580341.012045
165632345.373271
175117796.282405
175141378.692169
175228516.199846
175337275.9924
175362975.092515
175414201.074678
175933390.323707
175949515.307478
176898498.625659
178545268.364661
178593254.851658
178666112.926436
178709067.053909
178779380.839777
178798382.730616
179133854.087832
193835753.962551
193847540.545073
193917627.122047
193977367.599138
193979777.702279
202332007.334863
202332979.810374
202341255.01726
202412508.362591
202424795.772826
202446693.824765
202483575.701557
202615540.918906
202787454.150401
202897291.449322
203309125.226639
203374771.797001
204013012.906638
204049325.655903
204986975.206463
209805168.632558
209896837.743533
209905548.18843
209946537.819401
210216062.572469
210226975.113632
210787344.417956
210787565.138673
210849794.01805
211049957.300702
211067579.228785
211443711.251916
224625282.460765
224709453.5411
224715883.963127
245499640.611902
245573322.500994
245586762.393917
247696507.908213
247730966.197353
247874022.274288
247882770.388385
248226749.773543
257811950.751325
259083296.314522
259087813.165585
259213375.419343
259219621.452765
259251068.481613
259304403.985936
259326210.906748
259500689.987583
259557421.556432
259625529.358589
259879541.88164
259912284.974788
260364520.890524
283238468.152513
288786860.104413
288794283.022878
289043411.576869
322969439.971775
323007943.513307
323014342.032133
323083497.401548
323086079.016975
323144628.993526
323185101.79053
323194737.982501
323394692.397583
323424603.839852
323587787.970853
333145034.032607
394021111.186247
394024844.648201
394081932.834941
394090318.193201
394123796.799431
394127593.72923
394218090.784757
394246282.483086
394457615.193709
472189601.905997
472209690.996641
472251646.736535
472251762.83194
472280919.051044
472307582.29823
472427765.650654
557489660.725729
557523747.085323
557528908.887895
557549371.951341
557615366.700661
649912708.216541
649937365.420524
649970187.190116
749468729.013531
-2.53017067698439e-098
0
2.87336750516096e-135
1.61981272254914e-288
-2.53016976413698e-098
-2.65698383261723e+303
