510.790000e+3
532.930000e+3
569.057500e+3
599.147500e+3
613.825000e+3
672.647500e+3
690.955000e+3
707.335000e+3
713.522500e+3
746.950000e+3
765.497500e+3
775.862500e+3
783.047500e+3
814.825000e+3
827.507500e+3
839.777500e+3
841.930000e+3
911.500000e+3
932.447500e+3
959.230000e+3
962.245000e+3
972.955000e+3
981.662500e+3
1018.330000e+3
1026.437500e+3
1036.187500e+3
1038.070000e+3
1073.620000e+3
1087.630000e+3
1111.217500e+3
1155.812500e+3
1161.122500e+3
1181.650000e+3
1201.585000e+3
1209.692500e+3
1217.920000e+3
1233.962500e+3
1260.535000e+3
1262.432500e+3
1266.737500e+3
1289.402500e+3
1301.057500e+3
1306.862500e+3
1311.820000e+3
1320.107500e+3
1361.245000e+3
1367.852500e+3
1433.305000e+3
1433.875000e+3
1441.780000e+3
1444.292500e+3
0
1448.462500e+3
1456.997500e+3
1470.880000e+3
1480.877500e+3
1491.940000e+3
1504.862500e+3
1518.197500e+3
1536.400000e+3
1540.585000e+3
1544.440000e+3
1564.240000e+3
1587.490000e+3
1591.772500e+3
1595.245000e+3
1602.130000e+3
1611.325000e+3
1614.715000e+3
1620.130000e+3
1623.212500e+3
1623.625000e+3
1631.252500e+3
1644.925000e+3
1670.440000e+3
1672.780000e+3
1684.735000e+3
0
1702.420000e+3
1703.830000e+3
0
0
1732.630000e+3
1738.210000e+3
1776.625000e+3
1785.527500e+3
1786.915000e+3
1788.010000e+3
1790.905000e+3
1791.722500e+3
0
1824.880000e+3
0
1836.842500e+3
1838.672500e+3
0
1865.155000e+3
1865.837500e+3
1881.190000e+3
1886.980000e+3
1895.282500e+3
1897.127500e+3